<?xml version="1.0"?>
<opencv_storage>
<CAMERA_MATRIX_1 type_id="opencv-matrix">
  <rows>3</rows>
  <cols>3</cols>
  <dt>d</dt>
  <data>
    1280.18429788828 -10.6494182533122 617.990598692574 0.
    1235.1416290041 484.226049112016 0. 0. 1.</data></CAMERA_MATRIX_1>
<DISTORTION_COEFF_1 type_id="opencv-matrix">
  <rows>4</rows>
  <cols>1</cols>
  <dt>d</dt>
  <data>
    -0.280235893599299 0.471775357933853
    0.00144637415553927 -0.00280297326533605</data></DISTORTION_COEFF_1><!--hero-->
<CAMERA_MATRIX_2 type_id="opencv-matrix">
  <rows>3</rows>
  <cols>3</cols>
  <dt>d</dt>
  <data>
    1306.5062838599 6.23481700603309 650.109875837452 0. 
    1310.27342820545 508.07488501371 0. 0. 1.</data></CAMERA_MATRIX_2>
<DISTORTION_COEFF_2 type_id="opencv-matrix">
  <rows>4</rows>
  <cols>1</cols>
  <dt>d</dt>
  <data>
    -0.245232086243338 0.731025921025407 	
    -0.00259462780132115 0.000951221924807773</data></DISTORTION_COEFF_2><!--sentry-->
<CAMERA_MATRIX_3 type_id="opencv-matrix">
  <rows>3</rows>
  <cols>3</cols>
  <dt>d</dt>
  <data>
  1297.12643874235 5.4768233980432 667.452025767384 0. 
  1300.53011813279 499.571417214976 0. 0. 1.</data></CAMERA_MATRIX_3>
<DISTORTION_COEFF_3 type_id="opencv-matrix">
  <rows>4</rows>
  <cols>1</cols>
  <dt>d</dt>
  <data>
  -0.195622773722756 0.104959629768222 
  -0.00275771082029756 0.00184804364751676</data></DISTORTION_COEFF_3><!--#3infantry-->
<CAMERA_MATRIX_4 type_id="opencv-matrix">
  <rows>3</rows>
  <cols>3</cols>
  <dt>d</dt>
  <data>
    1298.8873173371 -3.70950595052172 659.136279622701 0. 
    1296.80245338075 539.103551267154 0. 0. 1.</data></CAMERA_MATRIX_4>
<DISTORTION_COEFF_4 type_id="opencv-matrix">
  <rows>4</rows>
  <cols>1</cols>
  <dt>d</dt>
  <data>
    -0.180479847668252 -0.104846159129254 
    -0.000256837343359384 0.00192309937268058</data></DISTORTION_COEFF_4><!--#4infantry-->
<CAMERA_MATRIX_5 type_id="opencv-matrix">
  <rows>3</rows>
  <cols>3</cols>
  <dt>d</dt>
  <data>
    1284.95699272109 -3.36745287983952 638.252575503841 0. 
    1281.21292676864 540.719954090724 0. 0. 1.</data></CAMERA_MATRIX_5>
<DISTORTION_COEFF_5 type_id="opencv-matrix">
  <rows>4</rows>
  <cols>1</cols>
  <dt>d</dt>
  <data>
   -0.252841736497505 0.47268915199967
   -0.00174881183435288 0.000563718085496267</data></DISTORTION_COEFF_5><!--139-02-->
<CAMERA_MATRIX_6 type_id="opencv-matrix">
  <rows>3</rows>
  <cols>3</cols>
  <dt>d</dt>
  <data>
    1286.076296826 -3.91400180392174 647.617368898029 0.
    1282.25834639256 537.276075343143 0. 0. 1.</data></CAMERA_MATRIX_6>
<DISTORTION_COEFF_6 type_id="opencv-matrix">
  <rows>4</rows>
  <cols>1</cols>
  <dt>d</dt>
  <data>
    -0.239135833982246 0.406525740618975 	
    -0.00124422102556162 -0.000941076648757748</data></DISTORTION_COEFF_6><!--139-06uncalibrated-->
</opencv_storage>
<!--5.20 13:27更改-->

